-0.44996029869443
-0.227516033461699
-0.504622176960738
0.0297424802712938
0.55211289902696
-0.725190492208
-0.296755786579221
0.0442856535545261
0.069371795308836
-0.36136023748635
-0.222663305454391
0.546093784085711
-0.207566519836659
-0.688104011372794
0.942401862797651
-0.678029864832895
0.372567170733896
0.787487515080092
-0.182817584405178
-0.749002428978821
-0.998218212372938
0.425878651380558
0.69557997116691
0.0563110492986394
-0.483273798580844
1.03950070434772
0.84270629807563
0.0504237907412091
0.300166962949665
0.246214048654994
0.0933532083254399
-0.687123901388407
0.473327032594809
0.140561953095688
0.435211116810525
-0.119731352445856
0.454965404623461
-0.587964976224
0.384909002818132
-0.355570046081676
-0.429124177196375
-0.103775697704253
0.651769529106988
-0.969890122300477
-0.421172369946712
0.328662942818725
-0.0834725712139452
-0.936116908650331
0.949559678933464
-0.133135848148718
-0.747478896240645
-0.55286328444549
-0.498447264557015
0.293949346744208
-0.468463103716955
-0.590375896829408
-1.04198784475778
-0.467919092272578
-0.826077687905996
0.609393025430546
0.524942709713209
-0.671592522668563
-0.168996884932123
0.588787692388333
-0.0573550823075683
-0.177252700906954
0.901637125675673
0.377116220098423
-0.427719129289807
-0.815180236949044
0.190027863146671
-0.74827771289397
-0.615185947729469
-0.0381890718034185
-0.256434736116313
0.903714784076854
0.23883372239262
-0.856470393965485
-0.234218415321512
0.0753754397380444
-0.493114115899772
-0.587238895729139
-0.498274221971275
0.512263510591895
0.125168538580038
0.297293733879693
-0.804099583812362
0.733454766243824
0.441342277584615
0.591286441117915
0.367297178530914
0.105307684678889
0.351107562794936
0.133064478732194
1.11311983041809
-1.13123780020172
-0.402249732242998
0.320255294538065
0.778656172581741
0.05363164109949
-0.403486155189991
0.932318837010577
-0.0385416682740362
0.994443038385469
-0.0388681237869342
0.725866855345189
-0.967673406580103
-0.0887022431194404
0.676313979240675
0.324408735276521
0.746521845376818
-0.304703484700432
-0.325584256795812
0.389949549840516
0.579711773862087
-0.272334331463833
-0.486872950998704
0.28220445890255
0.379314193802939
-0.279997849656309
0.150528601229971
-0.000363585132534101
0.839828003474856
0.245233018956332
0.606809587028513
1.06565578806602
0.94219358353708
-0.507225643978662
-0.663843886825567
-0.523566506657738
0.810149718749435
0.83723040036341
-0.292811706315843
-0.468517402734486
0.893836227540519
-0.0505810181561798
0.48844240353571
-0.710149175318175
0.947627953592292
0.0242906752558861
-0.640052991156466
-0.551849263281418
0.586587371007488
0.160094300914307
-0.856408601186828
0.145321414343949
0.760451838680474
0.895113928221743
0.556073998206438
-0.800944277325512
0.690819387747656
0.264621719685467
-0.09682856757724
-0.18611753285571
-0.588785908113961
0.992781583657962
-0.597182087700418
0.317529000225556
0.287895532396563
0.447271990674455
-0.520675579476229
-0.883944695576885
0.014225443472459
-0.503524400569328
-0.951592714043364
-0.827570528532382
-0.720484042768654
0.935308425395652
-0.919509870641768
-0.190416722822929
