-0.119840741157532
-0.060912013053894
0.669378042221069
0.0719622373580933
0.712827920913696
-0.821618795394897
-0.247865319252014
0.0796767473220825
0.153611540794373
0.630105018615723
0.250564783811569
0.267835348844528
0.721962690353394
-0.519111156463623
0.094936728477478
-0.90359902381897
0.337086170911789
-0.454918265342712
0.574180364608765
-0.070393443107605
-0.317705273628235
0.427081793546677
0.772536277770996
-0.980737209320068
0.304710358381271
-0.467720866203308
0.164168000221252
-0.00386011600494385
0.739419221878052
0.903017044067383
-0.585814952850342
0.0640727281570435
0.217778325080872
-0.347331881523132
-0.659294128417969
0.47417351603508
-0.748826265335083
0.91584324836731
-0.567380428314209
-0.913331270217896
-0.374658465385437
0.997544288635254
-0.846666097640991
0.277314871549606
0.737160444259644
0.371520966291428
0.414951533079147
0.721653461456299
0.766888856887817
0.46012470126152
-0.808463096618652
0.295590609312058
-0.0914098024368286
-0.29831874370575
0.503801107406616
-0.723412275314331
